 <pre>

 Contingency table for Cloud cover (octas)
 Selection: ALL    599 stations
Period: 20230114-20230122
Used {00,03,...,21} + 01 02 ... 36
 Limits   0.500000000       1.50000000       2.50000000       3.50000000       4.50000000       5.50000000       6.50000000       7.50000000    
 Each class is data <= limit, the very last > last limit
 Total number of values      276441
                                                       OBSERVATION
                                  13653     1707     1094      926      728      828      753     1905     7933 |     29527
                                   2541      548      368      471      358      416      431     1180     2407 |      8720
                                   1396      321      266      279      253      286      295      817     1656 |      5569
                                   1138      332      186      270      187      217      300      742     1493 |      4865
                        SEV_85     1065      306      218      244      216      240      285      751     1638 |      4963
                                   1054      302      235      248      237      262      307      933     1870 |      5448
                                   1207      364      283      280      250      325      371     1173     2440 |      6693
                                   1775      556      351      459      434      540      621     2047     4457 |     11240
                                   7814     2669     1815     2421     2217     3878     4610    32771   141221 |    199416

                    SUM           31643     7105     4816     5598     4880     6992     7973    42319   165115 |    276441
                                                       OBSERVATION
                                  13623     1677     1078      946      717      787      716     1868     7702 |     29114
                                   2451      586      370      426      405      407      439     1163     2469 |      8716
                                   1339      342      257      296      214      286      308      797     1730 |      5569
                                   1144      304      238      245      204      223      261      760     1499 |      4878
                        SEV_75     1037      276      198      229      209      254      308      784     1488 |      4783
                                   1105      307      236      248      223      280      292      852     1828 |      5371
                                   1209      362      259      324      267      332      409     1190     2416 |      6768
                                   1826      557      373      448      426      539      609     2115     4438 |     11331
                                   7909     2694     1807     2436     2215     3884     4631    32790   141545 |    199911

                    SUM           31643     7105     4816     5598     4880     6992     7973    42319   165115 |    276441

