 <pre>

 Contingency table for Visibility (m)
 Selection: ALL    706 stations
Period: 20230114-20230122
Used {00,03,...,21} + 00 01 ... 36
 Limits    1000.00000       5000.00000       10000.0000       20000.0000    
 Each class is data <= limit, the very last > last limit
 Total number of values      385418
                                     OBSERVATION
                                   2644     4494     1838     1408      984 |     11368
                                   4820    27860    18159    19451    14064 |     84354
                        SEV_85     1671     8428    11685    25350    37829 |     84963
                                    936     4041     7571    19065    53893 |     85506
                                   1765     6847    12130    29737    68748 |    119227

                    SUM           11836    51670    51383    95011   175518 |    385418
                                     OBSERVATION
                                   2509     4451     1804     1321      992 |     11077
                                   4836    27874    18190    19555    14091 |     84546
                        SEV_75     1751     8505    11745    25371    37423 |     84795
                                    964     4028     7471    18712    53733 |     84908
                                   1776     6812    12173    30052    69279 |    120092

                    SUM           11836    51670    51383    95011   175518 |    385418

